020151100
200151001
000150010
110050030
110050030
000150010
200151001
020151100
002051010
011050010
010050010
010050030
020151100
002051010
011050010
010050010
010050030
010050030
010050010
011050010
002051010
020151100
200151001
000150010
110050030
020150010
002151301
000051030
000051030
002151301
020150010
110050010
010050010
010050011
010051000
100151003
000150030
020150010
110050010
010050010
010050011
010051000
100151003
000150030
000150030
100151003
010051000
010050011
010050010
110050010
020150010
002151301
000051030
020150010
110050010
010050110
010150000
001151100
000051010
011050110
010150000
101151000
310051000
000350011
000350011
310051000
101151000
010150000
011050110
000051010
001151100
010150000
010050110
110050010
020150010
302151001
030051000
020150010
302151001
030051000
030051000
302151001
020150010
110050010
010050110
010150000
001151100
000051010
011050110
010150000
101151000
310051000
000350011
021151000
210150000
010250110
210150000
021151000
102151000
110051000
000150011
100151001
310051000
000350011
000350011
310051000
100151001
000150011
110051000
102151000
021151000
210150000
010250110
110050210
000150010
300151001
030051000
021151000
210150000
010250110
110050210
000150010
300151001
030051000
030051000
300151001
000150010
110050210
010250110
210150000
021151000
102151000
110051000
000150011
100151001
310051000
000350011
010150020
011050110
000051010
000151100
000151001
000150013
110053000
110053000
000150013
000151001
000151100
000051010
011050110
010150020
101151102
010051010
011050010
010050011
010051000
100151000
000153000
010150020
101151102
010051010
011050010
010050011
010051000
100151000
000153000
000153000
100151000
010051000
010050011
011050010
010051010
101151102
010150020
011050110
000051010
000151100
000151001
000150013
110053000
001151002
010150020
001151002
100151000
010051000
011050011
001051010
010150100
011050110
001051010
011150103
000051110
000153100
000153100
000051110
011150103
001051010
011050110
010150100
001051010
011050011
010051000
100151000
001151002
010150020
010050110
031050010
010150020
010050110
031050010
031050010
010050110
010150020
001151002
100151000
010051000
011050011
001051010
010150100
011050110
001051010
011150103
000051110
000153100
001251010
211050011
010051101
100150010
110050110
010150000
101151000
310051000
001350011
001350011
310051000
101151000
010150000
110050110
100150010
010051101
211050011
001251010
010150100
011050110
000051010
000151101
000150013
110053000
001251010
010150100
011050110
000051010
000151101
000150013
110053000
110053000
000150013
000151101
000051010
011050110
010150100
001251010
211050011
010051101
100150010
110050110
010150000
101151000
310051000
001350011
001251010
010150100
011050110
000051010
000151101
003150011
110051000
101151000
010150000
310050110
000350010
000350010
310050110
010150000
101151000
110051000
003150011
000151101
000051010
011050110
010150100
001251010
211050011
010051001
100150013
110053000
020151101
200150011
110051001
100150010
110050030
110050030
100150010
110051001
200150011
020151101
002051010
011050110
010150100
001051010
011050011
010051003
100150030
020151101
002051010
011050110
010150100
001051010
011050011
010051003
100150030
100150030
010051003
011050011
001051010
010150100
011050110
002051010
020151101
200150011
110051001
100150010
110050030
020151101
002051010
011050110
010150100
001051010
011050011
010051003
100150030
100150030
010051003
011050011
001051010
010150100
011050110
002051010
020151101
200150011
110051001
100150010
110050030
020151101
002051010
011050110
010150103
001051110
011150000
001351000
001351000
011150000
001051110
010150103
011050110
002051010
020151101
200150010
110050010
010050310
010350000
020151101
200150010
110050010
010050310
010350000
010350000
010050310
110050010
200150010
020151101
002051010
011050110
010150103
001051110
011150000
001351000
020151101
200150010
110050010
010050310
010350000
010350000
010050310
110050010
200150010
020151101
002051010
011050110
010150103
001051110
011150000
001351000
010251000
011050211
000051010
001151100
011150000
000051110
000151101
000150013
110053000
110053000
000150013
000151101
000051110
011150000
001151100
000051010
011050211
010251000
100151001
000150010
110050110
010150000
001151000
000351000
010251000
100151001
000150010
110050110
010150000
001151000
000351000
000351000
001151000
010150000
110050110
000150010
100151001
010251000
011050211
000051010
001151100
011150000
000051110
000151101
000150013
110053000
020151100
200151001
000150010
110050030
110050030
000150010
200151001
020151100
002051010
011050010
010050010
010050030
020151100
002051010
011050010
010050010
010050030
010050030
010050010
011050010
002051010
020151100
200151001
000150010
110050030
020150010
002151301
000051030
000051030
002151301
020150010
110050010
010050010
010050011
010051000
100151003
000150030
020150010
110050010
010050010
010050011
010051000
100151003
000150030
000150030
100151003
010051000
010050011
010050010
110050010
020150010
002151301
000051030
020150010
110050010
010050110
010150000
001151100
000051010
011050110
010150000
101151000
310051000
000350011
000350011
310051000
101151000
010150000
011050110
000051010
001151100
010150000
010050110
110050010
020150010
302151001
030051000
020150010
302151001
030051000
030051000
302151001
020150010
110050010
010050110
010150000
001151100
000051010
011050110
010150000
101151000
310051000
000350011
021151000
210150000
010250110
210150000
021151000
102151000
110051000
000150011
100151001
310051000
000350011
000350011
310051000
100151001
000150011
110051000
102151000
021151000
210150000
010250110
110050210
000150010
300151001
030051000
021151000
210150000
010250110
110050210
000150010
300151001
030051000
030051000
300151001
000150010
110050210
010250110
210150000
021151000
102151000
110051000
000150011
100151001
310051000
000350011
010150020
011050110
000051010
000151100
000151001
000150013
110053000
110053000
000150013
000151001
000151100
000051010
011050110
010150020
101151102
010051010
011050010
010050011
010051000
100151000
000153000
010150020
101151102
010051010
011050010
010050011
010051000
100151000
000153000
000153000
100151000
010051000
010050011
011050010
010051010
101151102
010150020
011050110
000051010
000151100
000151001
000150013
110053000
001151002
010150020
001151002
100151000
010051000
011050011
001051010
010150100
011050110
001051010
011150103
000051110
000153100
000153100
000051110
011150103
001051010
011050110
010150100
001051010
011050011
010051000
100151000
001151002
010150020
010050110
031050010
010150020
010050110
031050010
031050010
010050110
010150020
001151002
100151000
010051000
011050011
001051010
010150100
011050110
001051010
011150103
000051110
000153100
001251010
211050011
010051101
100150010
110050110
010150000
101151000
310051000
001350011
001350011
310051000
101151000
010150000
110050110
100150010
010051101
211050011
001251010
010150100
011050110
000051010
000151101
000150013
110053000
001251010
010150100
011050110
000051010
000151101
000150013
110053000
110053000
000150013
000151101
000051010
011050110
010150100
001251010
211050011
010051101
100150010
110050110
010150000
101151000
310051000
001350011
001251010
010150100
011050110
000051010
000151101
003150011
110051000
101151000
010150000
310050110
000350010
000350010
310050110
010150000
101151000
110051000
003150011
000151101
000051010
011050110
010150100
001251010
211050011
010051001
100150013
110053000
020151101
200150011
110051001
100150010
110050030
110050030
100150010
110051001
200150011
020151101
002051010
011050110
010150100
001051010
011050011
010051003
100150030
020151101
002051010
011050110
010150100
001051010
011050011
010051003
100150030
100150030
010051003
011050011
001051010
010150100
011050110
002051010
020151101
200150011
110051001
100150010
110050030
020151101
002051010
011050110
010150100
001051010
011050011
010051003
100150030
100150030
010051003
011050011
001051010
010150100
011050110
002051010
020151101
200150011
110051001
100150010
110050030
020151101
002051010
011050110
010150103
001051110
011150000
001351000
001351000
011150000
001051110
010150103
011050110
002051010
020151101
200150010
110050010
010050310
010350000
020151101
200150010
110050010
010050310
010350000
010350000
010050310
110050010
200150010
020151101
002051010
011050110
010150103
001051110
011150000
001351000
020151101
200150010
110050010
010050310
010350000
010350000
010050310
110050010
200150010
020151101
002051010
011050110
010150103
001051110
011150000
001351000
010251000
011050211
000051010
001151100
011150000
000051110
000151101
000150013
110053000
110053000
000150013
000151101
000051110
011150000
001151100
000051010
011050211
010251000
100151001
000150010
110050110
010150000
001151000
000351000
010251000
100151001
000150010
110050110
010150000
001151000
000351000
000351000
001151000
010150000
110050110
000150010
100151001
010251000
011050211
000051010
001151100
011150000
000051110
000151101
000150013
110053000
002051010
002051010
002051010
020151000
002151100
000051010
011050010
020151100
002051010
011050010
010050010
010050030
010050030
010050010
011050010
002051010
020151100
200151001
000150010
110050030
020151100
200151001
000150010
110050030
110050030
000150010
200151001
020151100
002051010
011050010
010050010
010050030
020151100
002051010
011050010
010050010
010050030
010050030
010050010
011050010
002051010
020151100
200151001
000150010
110050030
020151100
002051010
011050010
010050010
010050030
010050030
010050010
011050010
002051010
020151100
200151001
000150010
110050030
020151100
002051010
011050010
010050010
010050030
010050030
010050010
011050010
002051010
020151100
200151001
000150010
110050030
020151100
002051010
011050010
010050010
010050030
010050030
010050010
011050010
002051010
020151100
200151001
000150010
110050030
020151100
200151001
000150010
110050030
110050030
000150010
200151001
020151100
002051010
011050010
010050010
010050030
020151100
200151001
000150010
110050030
110050030
000150010
200151001
020151100
002051010
011050010
010050010
010050030
020151100
200151001
000150010
110050030
110050030
000150010
200151001
020151100
002051010
011050010
010050010
010050030
020151100
002051010
011050010
010050010
010050030
010050030
010050010
011050010
002051010
020151100
200151001
000150010
110050030
